01111110
00101011
00100111
00000101
11100111
10011010
00111001
01010101
10111101
01001000
11000110
11100010
11010010
01100000
01110111
01111101
01100000
00010011
11010111
01001011
01111110
11011100
11100111
11001100
11100111
10010101
11110011
01001011
00101110
10010011
00110100
01101010
10001101
00011110
01010110
11101011
01000111
10001011
10111000
00101110
00100001
11000000
01111000
00010001
00101011
11010001
01000101
11110110
10101001
10000001
00001110
01111000
00100010
10001101
10010101
11110011
01000011
11110011
01000010
00000110
10110111
00110011
11111111
01100110
11101011
10101001
11111100
01100101
00011110
10011001
11010100
01111011
11011001
10101001
00011110
00111100
01001001
10011100
10110100
00110101
10110100
00000011
00110110
01100101
10001101
01011001
10111101
10011010
10000010
00011110
11111010
00011011
11001001
11111010
00110000
10100101
10011100
00100010
00000000
11111111
