102249
489166
323028
443119
91357
735446
610234
294255
874631
618265
934085
497379
78043
39529
805632
786908
871769
127873
145781
573669
121110
296996
95818
799095
497014
902769
280453
270914
302367
740124
493901
301620
584304
348789
766073
435680
810621
157768
830952
594637
989220
37510
785497
814085
347730
976062
975831
663600
815523
671132
563731
889007
513355
554086
641959
294668
113078
40469
79239
620825
502838
273576
749089
220228
32672
843168
861586
748748
89544
141116
33336
208950
602367
861035
388747
260317
719736
733149
771572
722289
580159
613285
976480
427647
106282
575296
34666
973435
837554
190996
482760
487832
31402
42399
183066
530282
884119
788074
209142
876864
731974
351042
514114
495904
853657
810663
746298
39370
646027
653131
286298
865817
323752
654546
192346
600229
213687
840218
580471
469111
38440
550146
968396
245398
420431
458110
288043
664274
78539
38766
130516
711483
307135
87179
618229
482401
860291
123318
9930
754618
804039
828135
485505
270455
570528
524819
826296
647631
836794
867742
164276
717665
942733
134748
166067
298367
726399
594956
73365
30268
10487
835617
502316
942737
388316
636834
28223
18364
246533
254132
473984
194907
315967
822330
723258
216425
585680
35651
163453
302935
746876
39682
757477
291651
908707
628120
575339
409631
600469
58740
284945
3254
360951
308517
8844
41844
128539
404609
911068
809887
599208
974993
484813
700779
834615
756541
834924
492693
668975
224140
485941
342803
177757
452972
633132
242071
654862
270465
97901
671432
38555
808563
505972
836552
705964
687679
10900
136898
123244
125652
861030
949841
361581
421833
17668
40763
415311
780507
111253
471582
783553
900570
267671
66935
307230
138089
338149
378066
871220
862943
548959
895995
250316
706496
429040
693964
188184
377642
704553
460575
826606
854566
898783
543036
961529
260560
139368
541436
191718
162749
744440
630832
767514
281314
482564
944958
396244
851248
696621
272396
730513
285515
872901
179276
469915
669658
290929
576301
543306
564559
21759
555636
514953
402238
910378
907942
327909
559485
806436
438470
717424
206399
800037
371143
806129
437307
985245
521878
937131
794938
41543
622516
678488
712325
980166
920058
140481
774070
534058
688140
51259
966052
702367
41428
489253
183787
382415
980908
27487
455710
145890
938462
197769
414372
804498
343977
816742
298350
619043
541573
998721
754398
973019
875941
631446
417112
899222
387174
837409
413966
345833
676064
528719
305185
300434
74865
206603
662594
811295
691151
933685
239288
353375
812171
455784
455213
799409
82729
360313
211612
107102
211275
620788
687290
122922
405014
765773
711826
812004
151443
255137
508542
187695
954262
160003
782682
756948
163178
192218
419990
708065
191971
386601
671206
247867
25323
146626
513774
745551
737077
548594
342510
128902
394332
874474
747070
862932
155660
81736
794188
877717
235641
365152
498932
839892
94938
615156
164060
153679
515767
336856
723198
494068
29133
115804
542098
779726
782782
97415
859894
400050
978503
885630
69964
564274
806805
921891
960068
487473
208076
700151
985987
980930
615275
471281
897525
43959
897839
310210
602382
722617
722891
188474
253596
975174
6867
947417
884393
429726
666571
327439
657241
940444
544653
526452
153235
784738
432283
638372
378839
206470
107218
23124
846673
80842
74583
66125
180487
216871
825869
383667
993924
907145
391723
130122
18674
551202
321158
190543
599485
339564
716528
626141
13209
541715
964395
494293
445905
335861
528727
205853
93456
959879
74895
936947