51633
26877
47606
39182
85127
11112
62502
74062
27315
26405
10337
38009
55427
87022
27659
78554
71195
75963
37988
4443
91542
91690
33482
22589
77429
88306
44970
87121
60017
90860
11223
71481
27935
95690
11302
43567
35522
56166
52347
65330
25104
7758
726
98623
29733
84806
46415
45648
92964
35054
63016
7904
72570
85330
18547
30114
69531
29209
80177
78121
45143
60009
18547
36452
87059
49600
84850
71241
65672
81131
76505
99771
52414
30855
25918
18880
23073
4556
11072
27046
21323
52711
27287
75749
54262
29429
52586
78792
93858
12135
5437
38515
48407
67408
89576
96087
75908
53275
69376
69399
74018
98613
86934
69496
494
93235
8781
2516
86681
96820
62160
58592
15384
99890
54742
67531
81039
72491
73904
37405
40754
68191
90121
73614
18589
97754
48430
84511
96259
23737
43970
20437
33484
18748
97966
41688
5253
33122
74404
48412
80029
78228
97364
51715
91631
63986
76409
20424
94596
55629
28878
29228
94573
99942
11575
69732
94841
67070
97038
19730
17707
13826
47344
48122
6280
67898
96622
61101
97356
14489
36372
65010
8313
81125
15661
96753
48532
35580
39708
13902
11603
7076
12044
30368
89254
40499
57614
82394
69297
63923
73553
98508
51685
74992
27027
35205
4822
67364
9044
75868
58797
50161
34692
28136
37319
16568
50768
31143
5268
84116
27058
33432
11119
186
41505
60253
60264
93190
64667
93012
61384
7212
4114
25226
44857
23855
93252
36940
54909
18587
79317
1109
96193
13217
83867
1264
12525
17347
29005
25403
71722
24773
36530
73705
14908
24698
38486
39932
68264
38251
60243
84378
60039
75736
76222
68290
89675
85270
16456
30965
12674
95757
53766
72171
79559
85449
61025
70876
4400
78734
98481
47678
42122
4168
67388
29742
9449
9111
13123
42505
57719
22715
24644
76480
8725
49007
91573
34684
36722
99171
75800
61218
57060
99028
47639
30061
82236
62998
99275
60744
91542
60261
11747
94926
33336
86416
47114
95044
90092
56912
37608
50288
37412
19707
42604
66109
90840
99205
35766
28297
2739
53280
65470
10565
24193
85117
78964
1256
19683
46023
48621
78370
90032
55426
75667
11211
99534
10352
4921
87635
15538
70944
99509
39297
54356
93622
1864
7721
59257
20756
25887
33942
31197
3246
33924
63402
49726
47678
86691
68511
69970
94314
16076
58353
4543
8280
24645
85421
35454
53172
28984
65895
90416
44616
57681
20999
61686
35963
3914
87740
63938
25346
81668
5060
61921
1488
3790
22517
73073
41696
17509
61892
99696
97560
10259
29856
67971
70373
87322
47164
81890
59704
72321
27004
10142
62299
35573
25084
37858
59543
73862
83766
53263
11818
10875
32083
28296
54783
52865
70431
98213
56416
74137
39184
32633
2559
57615
77803
40139
50541
15249
3825
68066
46108
6831
83810
73467
84438
28753
89376
49305
31387
38612
26254
90915
27144
48742
48387
59842
49237
908
58104
9029
6467
36366
73802
97390
34870
56405
44825
58658
71621
31472
22955
2962
53387
74025
62852
86421
10354
73775
11879
35146
52257
80893
96459
85117
41106
26907
55617
87395
12116
71777
13334
56284
32853
57342
40020
92229
39535
94383
33525
99259
61999
43466
6545
31196
31662
72251
84480
97509
86735
29568
83205
13153
91477
17725
92585
24466
17845
3669
5604
7899
28651
66302
96545
40707
83005
68236
38298
59788
66493
63123
41267
15964
64628
42634
62016
21061
58093
1292
33760
29902
4554
81849
22484
51453
23527
61354
65421
6534
71477
76040
2044
2838
87106
65355
426
67622
42336
78788
93538
67914
78436
28356
57062
65585
90564
5520
28020
88208
90522
37232
76806
93045
52480
83115
89285
84715
3270
29817
90279
33590
39808
30819
13873
44730
8207
19236
83283
83979
60973
13703
66020
32082
47571
81538
64763
29085
34609
67376
25869
56832
88692
73747
56910
88663
51159
10782
31815
47206
77951
53787
16814
58838
61436
75404
19833
19641
62169
23250
13162
56280
51172
49999
21182
34239
47342
38530
35304
9908
69967
25615
48967
80848
81229
44414
50341
77786
13905
19295
90783
98547
25924
26669
47584
41929
60472
99889
13040
15855
90790
73160
40588
4714
89757
21924
90852
84178
30905
88284
2944
51913
9814
26954
19876
90850
72621
74123
79558
50814
40200
3764
81523
71502
77778
96637
72618
92875
66651
13385
30222
62847
86333
44967
65391
22534
710
57807
182
86946
39083
3690
63092
10591
67820
15225
42343
51773
29724
6269
73251
47037
97918
25551
67970
53295
81883
99819
48283
12582
31127
10233
96652
31529
3244
98011
59149
18747
53693
79479
2866
98633
59849
17652
5138
92747
49214
26781
73060
83381
54138
73220
94002
44105
78249
60360
46479
43205
49137
63778
90778
79136
31186
21312
1115
66638
21683
76555
74101
77858
91919
5662
84697
27177
58461
28930
71416
13209
58963
3262
36264
26467
17902
19860
75435
8357
67126
43652
31098
57523
76337
31943
55411
66117
23952
11809
65972
3541
71484
47612
82299
45266
74287
56883
45718
65209
84249
13944
12458
89159
92423
60966
51832
70668
4801
87517
33917
89887
53796
272
7508
253
21734
56697
25831
37561
29814
1334
70221
10574
20356
98731
72607
87573
27488
73355
90248
49189
55563
22678
36224
80247
92526
38773
52724
84592
70822
62065
43319
64946
19547
16024
63439
80132
44734
65934
48689
16513
62234
95123
24460
57271
23720
6324
37803
32420
84955
95050
26660
16948
26224
26855
80507
74596
41176
89034
50153
43981
58268
55584
32093
12759
25068
34717
73807
7048
21751
40692
44867
42034
80412
10263
2563
6773
47286
60064
68442
95866
30913
92649
86407
63700
3551
8838
52201
20290
32402
24517
32230
64769
51477
25674
72499
65941
7223
41669
22455
50157
34367
89732
22840
3587
39169
78490
29662
27300
48988
71914
78196
15845
60852
75304
20712
71735
27195
73810
73499
19750
44432
859
31516
27872
79182
44126
3769
49515
55004
3876
7180
41372
97040
23876
85174
45907
79268
87847
40973
78868
11795
32360
64639
84212
88730
83425
36617
24305
52286
75871
96307
95512
22553
70288
72663
20896
60195
47423
1589
29635
81623
83801
35241
35638
62793
56381
89426
9576
98438
56719
29039
18095
94207
70766
21802
66823
80015
15334
13571
57994
75615
79029
69575
44632
41781
82572
48864
69971
7237
19080
28843
15130
41880
36357
55626
56896
92908
76244
69675
51316
33635
14690
36689
92144
55681
19392
24637
56411
8136
45263
43542